sequencial = [9.6992, 18.6922, 38.8286, 74.4327, 657.1410]

statict2c1 = [5.0399, 9.5632, 20.0668, 39.0689, 359.1162]
statict2c4 = [5.0689, 9.5658, 19.9790, 39.3625, 360.2734]
statict4c1 = [3.6067, 6.6445, 14.1861, 27.6467, 245.3173]
statict4c4 = [3.4849, 6.9141, 14.1200, 27.7393, 244.9794]
statict8c1 = [3.5592, 7.0768, 14.2806, 27.6223, 245.3705]
statict8c4 = [3.4840, 7.0485, 14.4311, 27.9940, 245.6037]

dynamict2c1 = [5.0224, 9.5650, 19.9709, 39.5586, 359.1979]
dynamict2c4 = [5.0022, 9.5711, 19.9893, 39.1135, 362.0912]
dynamict4c1 = [3.0740, 6.4418, 13.3130, 25.6992, 231.5340]
dynamict4c4 = [3.4525, 6.4480, 13.3504, 25.7511, 229.9759]
dynamict8c1 = [3.1042, 6.2299, 13.4622, 25.7353, 232.5440]
dynamict8c4 = [3.1713, 6.3888, 13.5444, 25.4934, 233.5268]

guidedt2c1 =  [5.1049, 9.7953, 20.4093, 39.1522, 375.2937]
guidedt2c4 =  [5.1040, 9.8084, 20.4029, 39.1500, 376.1020]
guidedt4c1 =  [3.5228, 6.1861, 13.2940, 25.2587, 238.8925]
guidedt4c4 =  [3.3287, 6.1746, 13.5672, 26.3392, 232.5136]
guidedt8c1 =  [3.1734, 6.3755, 13.5020, 26.2121, 235.8252]
guidedt8c4 =  [3.5474, 6.4783, 13.5793, 26.0182, 232.9926]
