sequencial = [9.6992, 18.6922, 38.8286, 74.4327, 657.1410]

statict2c1 = [5.0208, 9.6113, 20.0574, 38.5618, 353.0562]
statict2c4 = [5.0455, 9.6537, 20.1025, 38.6355, 354.3215]
statict4c1 = [3.3938, 6.5740, 14.0115, 27.3451, 246.1432]
statict4c4 = [3.7460, 6.8094, 14.5120, 28.3196, 252.7070]
statict8c1 = [4.3397, 8.3342, 16.4181, 32.0058, 294.9896]
statict8c4 = [4.3088, 8.2871, 16.4781, 31.7219, 299.5868]

dynamict2c1 = [5.2306, 10.0374, 20.8821, 40.0541, 361.4889]
dynamict2c4 = [5.0941, 9.7530, 20.2794, 38.8343, 353.7330]
dynamict4c1 = [3.6172, 6.2748, 13.5719, 26.8245, 241.2624]
dynamict4c4 = [3.1328, 6.0163, 13.7936, 25.2812, 235.8960]
dynamict8c1 = [3.7974, 7.1651, 14.5595, 28.4982, 245.3883]
dynamict8c4 = [3.3989, 6.7769, 14.0891, 27.0655, 236.2697]

guidedt2c1 =  [5.5302, 11.2488, 22.0801, 44.9454, 391.7734]
guidedt2c4 =  [5.5411, 11.2601, 22.0944, 44.9461, 392.2602]
guidedt4c1 =  [3.4302, 6.6560, 13.8331, 27.8531, 252.2079]
guidedt4c4 =  [3.3344, 6.8658, 14.5059, 29.1013, 265.5517]
guidedt8c1 =  [3.4013, 6.7341, 14.0851, 27.0954, 239.9386]
guidedt8c4 =  [3.7544, 6.8058, 13.9834, 26.5010, 239.0509]
